time0: 0.110952
time1: 0.165093
time2: 0.0332356
time3: 0.0701355
time4: 0.00090592
time_makePD: 0
totalTime: 0.44045
total iter: 26
frames: 10
totalCollisionNum: 100245
averageCollision: 3855.58
maxCOllisionPairNum: 2968
totalCgTime: 899
